6.500000000000000000e+01
2.250000000000000000e+02
3.610000000000000000e+02
4.970000000000000000e+02
6.330000000000000000e+02
7.690000000000000000e+02
9.050000000000000000e+02
1.041000000000000000e+03
1.177000000000000000e+03
1.313000000000000000e+03
1.597000000000000000e+03
2.169000000000000000e+03
2.889000000000000000e+03
3.765000000000000000e+03
5.249000000000000000e+03
7.601000000000000000e+03
1.102100000000000000e+04
1.576900000000000000e+04
2.235300000000000000e+04
3.179700000000000000e+04
4.602100000000000000e+04
6.421300000000000000e+04
8.904500000000000000e+04
4.198542775195097942e-02
2.626355815517681519e-02
1.650714559910148108e-02
1.039450128047031234e-02
6.554290406397993325e-03
4.141689443599892544e-03
2.629813543880447132e-03
1.689167793753621957e-03
1.113977091474761295e-03
7.752589583010203751e-04
5.437605850444893196e-04
3.352867863803148303e-04
2.091253638723877069e-04
1.374147879383001193e-04
9.087925896633034916e-05
5.973051820049550672e-05
3.855686287510172124e-05
2.416417266574360183e-05
1.557044426403185149e-05
1.067425049832427748e-05
6.963294226125700446e-06
4.814633942839405541e-06
3.411776076034811494e-06
3.472443067431465330e-03
1.316488413058002288e-03
5.080970142765843609e-04
1.985363559289636006e-04
7.882893379120170941e-05
3.290807943817491423e-05
1.658033982540644223e-05
1.199349821515481265e-05
1.101424457420550084e-05
1.081563858482561025e-05
8.044898001066574773e-06
3.563255489274448886e-06
1.266220855982594003e-06
9.382242882837867259e-07
6.062421401916087936e-07
4.488603965726688288e-07
2.566146853952787981e-07
1.253704850667342611e-07
4.682070117993948401e-08
3.568383629125621408e-08
1.615200327649831057e-08
1.198734598334288320e-08
8.434391565835613006e-09
1.411891051621026738e-01
8.901819532845840766e-02
5.606094586333156687e-02
3.532344908505434533e-02
2.227272182287147462e-02
1.406537918318273572e-02
8.915625930236391328e-03
5.702991707794769979e-03
3.726471270769830466e-03
2.547611685182998853e-03
1.783811711943378113e-03
1.094488332102945419e-03
7.002900364726133463e-04
4.471972092550843781e-04
2.964561521243974521e-04
1.899264097262443984e-04
1.218524856285244253e-04
7.605617255059552101e-05
4.876581492622868283e-05
3.297056777390000278e-05
2.157426327503637173e-05
1.461051486267532670e-05
0.000000000000000000e+00
